1265817847 891
1267852731 899
1267852827 899
1267943288 903
1268350911 961
1268351721 961
1268352653 980
1268353122 961
1268353157 980
1268357277 961
1268357340 980
1268357666 981
1268360708 981
1268700473 981
1268700485 962
1269240411 965
1269240686 961
1269240719 961
1269242547 961
1269287312 961
1269292895 1185
1269974464 1314
1270002600 1314
1270681337 1334
1270727291 1338
1270829351 1334
1270829504 1334
1270936012 1382
1270942672 1403
1270946713 1403
1270946720 1382
1270947184 1381
1271014242 1381
